49	236
50	235
51	234
52	233
53	232
54	231
55	230
56	229
56	228
57	227
58	226
59	225
60	224
61	223
61	222
62	221
63	220
64	219
65	218
65	217
66	216
67	215
67	214
68	213
69	212
69	211
70	210
71	209
71	208
72	207
73	206
74	205
75	204
75	203
76	202
77	201
78	200
79	199
79	198
80	197
81	196
82	195
83	194
84	193
85	192
86	192
87	191
88	190
89	189
90	189
91	188
92	187
93	186
94	185
95	185
96	184
97	183
98	182
99	181
100	180
101	179
101	178
102	177
103	176
104	175
105	174
106	173
106	172
107	171
108	170
109	169
109	168
110	167
110	166
111	165
111	164
112	163
112	162
112	161
113	160
113	159
113	158
114	157
114	156
114	155
114	154
114	153
115	152
115	151
115	150
115	149
116	148
116	147
116	146
116	145
116	144
116	143
116	142
117	141
117	140
117	139
117	138
117	137
117	136
117	135
117	134
118	133
118	132
118	131
118	130
119	129
119	128
119	127
119	126
119	125
119	124
120	123
120	122
120	121
120	120
120	119
121	118
121	117
121	116
121	115
122	114
122	113
122	112
123	111
123	110
123	109
124	108
124	107
124	106
124	105
125	104
125	103
125	102
126	101
127	100
127	99
128	98
128	97
129	96
129	95
130	94
131	93
132	92
133	91
134	90
135	89
136	88
137	87
137	86
138	85
139	84
140	83
141	82
142	82
143	81
144	80
145	79
146	79
147	78
148	78
149	78
150	77
151	77
152	76
153	76
154	76
155	76
156	75
157	75
158	75
159	75
160	75
161	74
162	74
163	74
164	74
165	74
166	74
167	74
168	74
169	75
170	75
171	75
172	75
173	76
174	76
175	76
176	76
177	77
178	77
179	77
180	78
181	78
182	78
183	79
184	79
185	79
186	80
187	80
188	80
189	80
190	81
191	81
192	82
193	82
194	82
195	83
196	83
197	84
198	84
199	85
200	85
201	86
202	86
203	87
204	87
205	88
206	88
207	89
208	89
209	90
210	90
211	91
212	91
213	92
214	92
215	93
216	93
217	94
218	95
219	95
220	96
221	96
222	97
223	98
224	98
225	99
226	99
227	100
228	100
229	100
230	101
231	101
232	102
233	102
234	103
235	104
236	104
237	105
238	105
239	105
240	106
241	106
242	107
243	107
244	107
245	108
246	108
247	109
248	109
249	110
250	110
251	110
252	111
253	111
254	111
255	111
256	111
257	111
258	111
259	111
260	111
261	111
262	111
263	111
264	111
265	111
266	111
267	111
268	110
269	110
270	110
271	110
272	110
273	109
274	109
275	109
276	109
277	108
278	108
279	107
280	107
281	106
282	106
283	105
284	105
285	105
286	104
287	103
288	102
289	102
290	101
291	101
292	100
293	99
294	98
295	98
296	97
297	96
298	95
299	94
300	93
301	92
302	91
302	90
303	89
304	88
305	87
306	86
307	85
308	85
309	84
310	83
311	82
312	81
313	80
314	80
315	79
316	78
317	77
318	76
319	75
320	75
321	74
322	73
323	72
324	72
325	71
326	71
327	70
328	69
329	69
330	68
331	67
332	67
333	66
334	66
335	66
336	65
337	65
338	64
339	64
340	63
341	63
342	63
343	62
344	62
345	61
346	61
347	61
348	60
349	60
350	60
351	59
352	59
353	59
354	58
355	58
356	57
357	57
358	57
359	57
360	57
361	57
362	56
363	56
364	56
365	56
366	56
367	55
368	55
369	55
370	54
371	54
372	54
373	54
374	54
375	54
376	53
377	53
378	53
379	53
380	53
381	53
382	53
383	53
384	52
385	52
386	52
387	53
388	53
389	53
390	52
391	52
392	52
393	52
394	52
395	52
396	51
397	51
398	51
399	51
400	51
401	51
402	51
403	51
404	51
405	51
406	51
407	51
408	51
409	51
410	51
411	51
412	51
413	51
414	51
415	51
416	51
417	51
418	51
419	51
420	51
421	51
422	51
423	51
424	51
425	51
426	51
427	52
428	52
429	52
430	52
431	52
432	53
433	53
434	53
435	53
436	54
437	54
438	54
439	55
440	55
441	55
442	56
443	56
444	57
445	57
446	58
447	59
448	59
449	60
450	61
451	62
452	62
453	63
453	64
454	65
455	66
455	67
456	68
457	69
458	70
458	71
458	72
459	73
460	74
460	75
460	76
461	77
461	78
461	79
461	80
461	81
461	82
461	83
461	84
461	85
461	86
461	87
461	88
460	89
460	90
460	91
461	92
461	93
461	94
461	95
461	96
461	97
461	98
461	99
462	100
462	101
462	102
462	103
462	104
462	105
463	106
463	107
463	108
464	109
464	110
464	111
465	112
465	113
465	114
466	115
466	116
466	117
467	118
467	119
467	120
468	121
468	122
468	123
469	124
469	125
469	126
470	127
470	128
470	129
471	130
471	131
471	132
472	133
472	134
473	135
473	136
474	137
474	138
475	139
475	140
476	141
476	142
477	143
477	144
478	145
479	146
480	147
481	148
481	149
482	150
483	151
484	152
485	153
486	154
487	155
488	155
489	156
490	157
491	158
492	159
493	160
494	161
495	161
496	162
497	163
498	163
499	164
500	165
501	165
502	165
503	166
504	166
505	167
506	167
507	167
508	168
509	168
510	169
511	169
512	169
513	170
514	170
515	170
516	171
517	171
518	172
519	172
520	172
521	173
522	173
523	173
524	173
525	173
526	174
527	175
528	175
529	175
530	175
531	175
532	176
533	176
534	176
535	176
536	176
537	176
538	176
539	176
540	176
541	176
542	176
543	176
544	176
545	175
546	175
547	175
548	174
549	174
550	174
551	173
552	173
553	173
554	172
555	172
556	172
557	171
558	171
559	171
560	170
561	170
562	170
563	169
564	169
565	169
566	168
567	168
568	168
569	167
570	167
571	167
572	166
573	166
574	166
575	166
576	165
577	165
578	165
579	165
580	164
581	164
582	164
583	164
584	164
585	164
586	164
587	164
588	164
589	164
590	164
591	164
592	164
593	164
594	164
595	164
596	164
597	164
598	164
599	165
600	165
601	165
602	165
603	165
604	165
605	166
606	166
607	167
608	167
609	167
610	168
611	168
612	169
613	169
614	170
615	170
616	171
617	171
618	172
619	173
620	174
621	175
622	176
623	177
624	178
625	179
626	180
627	181
628	182
629	183
630	184
631	185
632	186
633	187
634	188
635	189
635	190
636	191
637	192
638	193
638	194
639	195
639	196
640	197
641	198
642	199
643	200
644	201
644	202
645	203
645	204
646	205
647	206
648	207
649	208
650	208
651	209
652	210
653	210
654	211
655	212
656	212
657	213
658	213
659	214
660	214
661	214
662	214
663	215
664	215
665	215
666	215
667	215
668	215
669	215
670	215
671	215
672	214
673	214
674	214
675	214
676	214
677	213
678	213
679	213
680	213
681	213
682	213
683	213
684	213
685	212
686	212
687	212
688	212
689	212
690	212
691	212
692	212
693	212
694	212
695	212
696	212
697	212
698	212
699	212
700	212
701	213
702	213
703	213
704	213
705	213
706	213
707	214
708	214
709	214
710	214
711	214
712	215
713	215
714	215
715	215
716	215
717	216
718	216
719	216
720	216
721	217
722	217
723	217
724	218
725	218
726	219
727	219
728	220
729	221
730	221
731	222
732	222
733	222
734	223
735	223
736	224
737	225
738	226
739	227
740	227
741	228
742	229
743	230
743	231
744	232
745	233
746	234
747	235
747	236
748	237
749	238
750	239
751	240
751	241
752	242
753	243
754	244
754	245
755	246
756	247
757	248
758	249
758	250
759	251
760	252
761	253
762	254
762	255
763	256
764	257
765	258
765	259
766	260
767	261
767	262
768	263
769	264
769	265
770	266
771	267
772	268
772	269
773	270
774	271
775	272
776	273
777	274
778	275
779	275
780	276
781	276
782	277
783	278
784	278
785	278
786	278
787	278
788	279
789	279
790	279
791	279
792	279
793	280
794	280
795	280
796	280
797	280
798	280
799	280
800	280
801	280
802	280
803	280
804	279
805	279
806	279
807	279
808	279
809	279
810	278
811	278
812	278
813	278
814	278
815	278
816	278
817	278
818	278
819	278
820	278
821	277
822	277
823	277
824	277
825	277
826	277
827	277
828	277
829	276
830	276
831	276
832	276
833	276
834	276
835	276
836	276
837	276
838	276
839	276
840	276
841	276
842	276
843	276
844	276
845	276
846	276
847	276
848	276
849	276
850	276
851	276
852	276
853	276
854	276
855	276
856	276
857	277
858	277
859	277
860	277
861	278
862	278
863	278
864	279
865	279
866	280
867	280
868	280
869	281
870	281
871	281
872	281
873	282
874	282
875	282
876	283
877	283
878	283
879	284
880	284
881	284
882	285
883	285
884	285
885	285
886	286
887	286
888	287
889	287
890	287
891	288
892	288
893	289
894	289
895	289
896	290
897	290
898	291
899	291
900	291
901	292
902	292
903	292
904	293
905	293
906	294
907	294
908	295
909	295
910	295
911	296
912	296
913	296
914	297
915	297
916	297
917	298
